tRNAname	brain	kidney	spleen	heart	liver	testes	intestine	mESC	thymus
tRNA-Glu-TTC-2-1	6	7,5	7,5	7	7,5	10,6	7,5	7,5	7
tRNA-Gly-GCC-3-1	8,6	8,7	7,9	7,5	7,5	6	7,6,9	7	6,9
tRNA-His-ATG-1-1	14,15	15		2,1		1	14,15	12	14
tRNA-Pro-AGG-2-1	14	12	13	12	12	14	14	12	14
tRNA-Val-GAC-1-1	14	2	13	13	12	14	13	12	14
tRNA-Lys-CTT-7-1	13	13	13	13	13	13	13	12	13
tRNA-Lys-TTT-1-1	7,6,5	14,5	7,14,5	7,5	7,14	2,6,5	7,14,5	14,5	7,8,6,14
tRNA-Lys-TTT-1-2	7,14,5	14	14,5	14,5	14	2,5	14	14,5	8,14
tRNA-Ile-TAT-3-1	1	1	1	1	1	1	1	1	1
tRNA-Pro-AGG-1-1	6,5	7,15	7,5	2,7	7,14,15	7,14	7,14,15	5	7,14,5
tRNA-Pro-CGG-1-1	6	7	7	7	7	7	7	5	7
tRNA-Asn-GTT-3-1	6,5	6,9,5	5	5	14,5	5	10,11	5	6,9
tRNA-Asp-GTC-1-1	10,5	10,9	12	4,5	9,5	5	10,11,5	10,14	14,9
tRNA-Gly-TCC-1-1	6,5	7,9,5	7,5	7,5	7,5	7,5	7,5	14,5	7,14,9
tRNA-Leu-CAG-2-1	6,14,9	7,12,5	7,5	7,14	7,14,5	7,5	7,14	14,5	7,14
tRNA-Gly-GCC-2-1	6	7,14,5	7,14	7	7,14	6,5	7,6,5	7,9	7,14,15
tRNA-Glu-CTC-1-1	12	12	12	9	9	13	12	5	12,13
tRNA-Gly-TCC-1-2	12	13,5	12	5	6,5	13	12	5	13
tRNA-Asp-GTC-1-2	12	13	12	12,5	14,9	13	12	5	13
tRNA-Leu-CAG-1-1	12	13	12	14	14	13	12	5	13
tRNA-Gly-GCC-1-1	12	13	12	14	14	13	12	14,5	13
tRNA-Glu-CTC-1-2	12	13	12	12	14	13	12	14,5	13
tRNA-Gly-TCC-1-3	12	13	12	12	14	13	12,13	14	13
tRNA-Asp-GTC-1-3	12	13	12	12	14	13	13	14	13
tRNA-Leu-CAG-1-2	12	13	12	12	14	13	13	14,5	13
tRNA-Gly-GCC-1-2	12	13	12	12	14	13	13	14,5	13
tRNA-Glu-CTC-1-3	12	13	12	12	14	13	13	14,5	13
tRNA-Gly-TCC-1-4	12	13	12	12	14	13	13	14	13
tRNA-Asp-GTC-1-4	12	13	12	12	14	13	13	14	13
tRNA-Leu-CAG-1-3	12	13	12	12	14	13	13	14,5	13
tRNA-Gly-GCC-1-3	12	13	12	12	14	13	13	14,5	13
tRNA-Leu-CAG-1-4	6,9	14,6,9	12,5	7,13,5	14,5	14,6,5	14,6,9	7,9,5	14,6,9
tRNA-Asp-GTC-1-5	6	6	5	7	5	6,5	7,6	7,5	7,6
tRNA-Gly-TCC-1-5	6	6	5	7	5	5	7,5	5	7,5
tRNA-Glu-CTC-1-4	6,5	8,6,9	14,5	7,4	14,5	8,5	7,5	5	6,5
tRNA-Val-CAC-2-1	6	7,6	7,5	7	7	6	7	5	7
tRNA-Arg-TCT-5-1	6	12	11	12	12	14,15	12	12,5	14
tRNA-Ser-GCT-6-1	14	12	12	14	12	14,9	14	8,14	14
tRNA-Leu-TAA-2-1	6,5	7,5	7,5	7,5	7,5	7,14,6	7,5	7	7
tRNA-Trp-CCA-6-1	14	13	12	13	12	14	14	2	13
tRNA-Glu-CTC-1-7	6,14,9	7,13,5	12,5	7,12,5	12,5	14,5	6,15,14	2,5	14,15
tRNA-Ala-AGC-9-1	14	12	13	12	12	14,15	1	12	15
tRNA-Ser-TGA-1-1	6	7,5	7,5	7	7,5	7	7,5	7,5	7,5
tRNA-Ala-AGC-11-1	14	12	12	12	12	14	15,11	12	14
tRNA-Phe-GAA-1-2	5	7,9	7,14,5	7,5	7,14	7,14,5	7,14,15	7,5	7,14,15
tRNA-Asn-GTT-3-8	6,5	7,9	7,5	7	7,14	7,5	7,15	7,5	7,15
tRNA-Trp-CCA-2-1	6	8,7	7	7,4	8,7	7,4	8,7	7	7,9
tRNA-Asp-GTC-2-1	7,6	7	7	7	7	7	7	7	7,5
tRNA-Asp-GTC-1-8	6,5	7,5	7,5	7,5	7,9	6,5	7,5	7,5	8,7
tRNA-Ser-CGA-2-1	6,9	8,7	7,14,15	7,5	7,14,15	6,5	7,14,5	12,5	7,14,5
tRNA-Asp-GTC-1-9	13	13	13	13	13	13,14	13	12	13
tRNA-Lys-CTT-18-1	14	13	13	13	14	13	14	12	13
tRNA-Val-CAC-2-3	6,9	7,9	7,8	7,4	7,14	7,5	7,15	14,5	14
tRNA-Gly-ACC-1-1	10	6,9	5	5	14,9	10	10,14,15	5	10,14
tRNA-Lys-CTT-3-3	7,14,6	7,9,5	7,5	7,5	5	7,14	7,14	5	7,14,15
tRNA-Ala-TGC-3-1	6,5	7,14	7,5	7,5	14,5	7,14	7,14,15	5	7,14
tRNA-Thr-TGT-3-1	6	7,6	7	7	7	7,6,5	6,5	5	6,9
tRNA-Pro-TGG-2-2	6,5	7,5	5	7	7,5	10,6	7,5	7,5	7,5
tRNA-Val-AAC-1-2	10,6,5	7,5	5	7,5	7,5	10	7,5	7,5	5
tRNA-Leu-AAG-1-1	10	7,5	5	7,5	7,5	10	5	5	9,5
tRNA-Glu-CTC-1-8	7,6	7,6	7	7	7	6	7	7,5	7
tRNA-Leu-CAA-3-1	7,6	7	7	7	7	6	7,6	7,5	7,6
tRNA-Trp-CCA-5-1	6	6	7,5	7	7,5	7,5	7	7	6,9
tRNA-Trp-CCA-1-1	6,9	10,14	12	2,5	11	10,14	10,11	14,5	10,14
tRNA-Pro-TGG-3-1	14	12	13	12	12	14	13	12	14
tRNA-Ile-AAT-1-1	6	6	14,5	7,4	8,6,9	7,4	7,6	7,4	7,5
tRNA-Ser-AGA-2-2	7,6	6,5	5	7,5	6,9	7,2	7,9,5	7,9	7,14
tRNA-Thr-AGT-1-2	7,9	14,5	14,5	5	9	2,9	9,5	9	14
tRNA-Pro-CGG-1-2	6	7,6	7	7	7,5	6	7	7	6
tRNA-Asp-GTC-1-10	7,6,5	6,5	7,5	7,5	7,5	6,5	7,5	7,5	6,9
tRNA-Gly-TCC-1-7	7,5	6,5	7,5	7,5	7,5	6,5	5	5	6,9
tRNA-Trp-CCA-3-1	7,14	6,9	7,14	7,14	7,14	6,9	14,5	14,5	6,14
tRNA-Ile-AAT-1-2	6,9	9	7,14	9,4	9,5	5	9	14,5	9,9
tRNA-Thr-AGT-1-3	6	9	7	7,4	5	5	9,5	5	9,9
tRNA-Ser-GCT-4-1	6	7,6,9	7	7	5	7,5	7,5	7,5	9,7,9
tRNA-Trp-CCA-3-2	6	7,6	7	7	5	7,6	7	7	7,6
tRNA-Thr-AGT-3-1	6,9	15,1	2,5	9,7,4	2,5	6,9,5	2,7	5	2,5
tRNA-Ser-CGA-1-1	6	15	5	7,5	9,5	6,5	7,5	10,5	5
tRNA-Gly-GCC-2-6	6,5	7,6	7,11,15	7,4	7,14	10,6	7,5	10	6,9
tRNA-Arg-TCT-1-1	6	7	7,5	7	7,5	10,6	7	5	10,6
tRNA-Leu-TAG-1-1	6,5	7,14,9	7,5	7,5	7,14	6,9	7,14	14,5	6,9
tRNA-Gln-CTG-2-2	5	14,9	5	5	14	9	14	14	9
tRNA-Lys-TTT-1-3	6,5	6,9	7,5	7,5	7,14	6,9	14,6,9	7,14	6,9
tRNA-Lys-CTT-9-1	13	13	13	13	13	13	13	12	13
tRNA-Ala-AGC-16-1	8	12	12	11	12	14,5	12	11	14
tRNA-Thr-CGT-2-1	6	7,6	7,5	7,4	7	7	7,5	7,5	7,6
tRNA-Gln-TTG-5-1	14	14	12	14	14	2	2	2,14	14
tRNA-Gln-TTG-1-1	6	7	7	7	7	7	7	7	7
tRNA-Asn-GTT-3-9	6	6,9	12,7	7,4	7,14	6	7,6,9	7,14	12,7
tRNA-Cys-GCA-5-1	14	14	14	14	14	14	12	14	14
tRNA-Cys-GCA-3-2	14,15	14	12	14,15	14	14	14,15	14	14
tRNA-Cys-GCA-2-1	6,9	8,6	12,8,7	7,5	8,7	10,6	8,7	7,5	7,9
tRNA-Cys-GCA-3-3	6	7	7	7	7	6	7	7	7
tRNA-Cys-GCA-3-4	6,5	7,5	7,8,5	7,4	7,5	6	7,5	7,5	7,9
tRNA-Ser-GGA-1-1	14	14	13	12	14	14	14	14	14
tRNA-Thr-AGT-9-1	2	14	12	12	12	14	14	12	14
tRNA-Arg-CCG-3-1	6,9,5	8,6,15,14	7,8,9	7,14,5	7,14	6,5	6,14	7,14,15	7,14
tRNA-Leu-TAG-4-1	14,9	12	12	11	12	14	14	14	14
tRNA-Arg-CCT-1-1	6	6	7	7	7	6	7	7	6
tRNA-Arg-CCT-2-1	6	6	7	7	7	6	7	7	6
tRNA-Arg-TCG-2-1	6,4	6,15	7,2	7,5	7,9	6,9	7,5	7,5	6,9
tRNA-Glu-CTC-3-1	14	14		14	14		14	12	14
tRNA-Glu-CTC-4-1	13	13	13	13	13	13	13	13	13
tRNA-Lys-CTT-2-2	6,9	7,5	7,5	7,5	7,14	6,5	7,14	7,5	7,8,14
tRNA-Ile-AAT-1-3	10	7	7,5	7	7	6	7,6	7	10
tRNA-Ala-GGC-3-1	14,9	12	12	12	12	13	13	12	14
tRNA-Glu-CTC-1-9	5	5	5	5	5	5	5	5	15
tRNA-Phe-GAA-1-3	5	7,12,5	12,5	5	14,5	7,14,5	7,14	14,5	14,15
tRNA-Met-CAT-2-1	6,9	5	5	7,5	14,5	5	5	5	14
tRNA-Lys-TTT-1-4	6,9	7,5	5	4,5	14,5	5	7,5	5	7,14
tRNA-Met-CAT-2-2	6,5	6,5	5	7,5	5	7,5	7,9	5	7,14
tRNA-Leu-AAG-1-2	6,5	6,5	9,5	7,5	14,5	7,9,5	7,5	5	7,5
tRNA-Leu-AAG-3-1	6,5	6,9,5	9,5	7,9,5	14,5	7,9	7,14,5	5	7,14,5
tRNA-Gln-CTG-2-3	6,5	6,5	12	4,5	7,14	6,5	6,5	5	8,14
tRNA-Leu-CAA-1-1	6	6	12	7,4	7,5	6,5	7,6,5	7,5	8,6,9
tRNA-Leu-CAA-2-1	6	7	7,5	7	7,5	7	7	7,5	7,5
tRNA-Arg-CCG-1-1	14,5	13	12,11	12,5	13	9	14	14,5	14
tRNA-Ala-AGC-2-1	6,5	5	11	5	5	5	10,5	5	5
tRNA-Ala-AGC-2-2	10	6,5	10	5	5	5	5	7,5	10
tRNA-Ala-TGC-1-1	12	12	11	12	12	14	14	12	12
tRNA-Ala-AGC-1-1	10,11	12,11	11	11	12	11	14,9	5	11
tRNA-Thr-AGT-6-1	12	12	11	12	12	9	14	12	12
tRNA-Ala-CGC-1-1	10,11	10,11	11	10,11	12,11	10,11	14,11	14,5	11
tRNA-Ala-AGC-3-1	6	11	11	10	12,11	10,11	10	7,5	11
tRNA-Thr-CGT-4-1	10,11	11	11	12	7,2,5	9,5	10,11	14,5	12,11
tRNA-Gln-TTG-2-1	12	12,11	11	12	2	14	12	14,9,5	12
tRNA-Thr-TGT-1-1	6,5	10	10	10	2	10,11	10	5	10,11
tRNA-Arg-TCG-3-1	10,14	14,5	12,10,11	7,12,5	2	14,9,5	10,14,9	14,5	11
tRNA-Thr-CGT-3-1	11	12	11	12	14	14,9	14,11	5	14
tRNA-Met-CAT-3-1	14,15,5	6,5	10	7,15	7,15	10,9,5	14,15	5	10,11
tRNA-Ser-GCT-5-1	14	12	12	13	12	2,14	14	12	14
tRNA-Gly-GCC-2-7	6,5	7,5	7,5	7,5	7,5	5	7,5	5	7,9
tRNA-iMet-CAT-1-2	6,5	5	5	5	5	5	7,5	5	8,9
tRNA-Sup-TTA-1-1	13	13	13	13	13	13	13	13	13
tRNA-Leu-TAA-3-1	13	13	13	13	13	13	13	13	13
tRNA-Ile-AAT-1-4	14,5	13	12	2,5	13	13,5	10,14,15	7,13,5	13,5
tRNA-Thr-AGT-4-1	14,5	13	12	13,5	13	14,5	10,11	7,12	14,5
tRNA-Ile-AAT-1-5	14,11	12	10,11	13	13	14	14,15	5	14
tRNA-Phe-GAA-3-1	10,11	12	11	12	5	14,9,5	14,9,5	5	14
tRNA-Ile-TAT-2-1	6,5	12,11	12	11	12	14,15	14,5	12,7,5	14
tRNA-iMet-CAT-3-1	14,9	12	12	12	12	9	14	7,5	14,15
tRNA-Lys-TTT-2-2	14	12	12	12	12	14	14	7,9	14
tRNA-Asp-GTC-1-11	12,10,11,9	12	12	12	12	14,9	14	7,14	14
tRNA-Leu-CAA-4-1	10,11	10,11	11	7,12,6	10,11	10,11	6,14,9	7,14,5	11
tRNA-Arg-TCT-3-1	11	11	11	12	11	10,11	11	14,5	11
tRNA-Ser-AGA-2-3	10,11	10,11	10,11	6,4,5	10,14,5	10,11	10,14	7,5	10
tRNA-Gln-CTG-1-1	12,11	12,11	12,11	12	14	12	14	14,5	14
tRNA-Ser-TGA-2-1	11	12	12	12	14,9	12,10,11	14,5	14,5	14
tRNA-Ser-AGA-2-4	14	12	12	14	14	14	14	14	14
tRNA-iMet-CAT-1-3	14	12	12	14	14	9	14	14,9	14
tRNA-Gln-CTG-2-4	14,6	12	12	14,5	14	9,5	14	5	14
tRNA-Asp-GTC-1-12	14	12	12	2	14	9	14,9	14	14
tRNA-Ser-AGA-1-1	10,11	12	12	14	14	6,9,5	6,9	7	14,15
tRNA-Asp-GTC-1-13	14,6,9	12,10,11	12,5	7,14	14,5	14,5	7,14	14,5	14,5
tRNA-Ser-AGA-2-5	6	10	5	7,6,5	5	6,5	7,6,5	5	6,5
tRNA-Lys-TTT-3-1	14	14	14	13	14	14	14	14	14
tRNA-iMet-CAT-1-4	6,9	7,12	7,12	7,12	7,12	7,14	7,12	7,14,5	7,14
tRNA-Ser-GCT-1-1	10,11	11	11	11	11	10,11	11	12,5	11
tRNA-Gln-CTG-5-1	10,11	11	11	11	11	10,11	11	10,5	11
tRNA-Val-AAC-5-1	11	11	11	10,15	12,11	12,11	11	12,5	14,9
tRNA-Arg-ACG-3-2	10	11	5	5	5	9	5	5	14,5
tRNA-Ser-CGA-3-1	10,14,5	10,11	14	2,5	14,5	14,5	14,5	12,5	14,5
tRNA-Val-CAC-2-4	6	10	5	6	5	5	6,5	5	6,5
tRNA-Ile-AAT-1-6	6,5	6,15,14	7,14	7,5	6,9	6,15,14	7,14,5	7,5	6,14,9
tRNA-Thr-AGT-5-1	14,9	14	14	14,15	14	14	14	14	14
tRNA-Ser-GCT-4-2	6	10	7,5	6,5	7,9,5	6,5	6,5	7,14	6,9
tRNA-Ile-TAT-2-2	6,5	11	12	11	11	13,10	12,13	5	13,15
tRNA-Val-AAC-2-1	10	12,11	11	11	11	10,11	11	5	11
tRNA-Ala-AGC-5-1	10	12,11	10,11	10,11	11	10,11	11	5	11
tRNA-Val-AAC-4-1	10	11	11	10	12	10,15,9	11	5	12
tRNA-Ala-AGC-5-2	10	11	11	10,11	12	10,15	11	7,5	12
tRNA-Val-CAC-3-1	10,11	11	12,11	11	12	10,11,9	10,11	5	14
tRNA-Val-CAC-1-1	10,11	11	11	11	11	10	11	7,5	11
tRNA-Ile-AAT-1-7	11	11	11	11	12	10,11	11	5	11
tRNA-Met-CAT-4-1	14	12,11	12,11	12	12	5	11	12,5	12
tRNA-Ile-AAT-3-1	11	11	12	11	12,11	14,5	11	14,5	11
tRNA-Ala-AGC-5-3	11	11	11	11	11	9	11	14,5	11
tRNA-Val-AAC-3-1	11	10,11	11	10,11	11	9	11	14,5	14,11
tRNA-Val-CAC-5-1	10	11	11	10	11	10	10	7	10
tRNA-Ala-AGC-10-1	10,11	11	11	11	12,11	10	10,11	7,5	14,11
tRNA-Val-AAC-2-2	10,14,11	12,11	12,11	11	12	10,14	11	5	14
tRNA-Tyr-GTA-1-1	9,9	14	14	2	14	14	14,15	5	14
tRNA-Tyr-GTA-1-2	2	14	14	2	14	14	14	14,5	14
tRNA-Tyr-GTA-1-3	2	14	14	2	14	14,5	14	5	14
tRNA-Tyr-GTA-5-1	9	14	14	2	14	14	14	2,5	14
tRNA-Ala-AGC-6-1	7	7,5	7,5	7	5	7,5	7	7,5	8,5
tRNA-Tyr-GTA-1-4	6	7,14	5	7,4	14,5	6,14,5	7,9,5	5	7,14,5
tRNA-Lys-CTT-3-4	14	14	14	14,5	14	14	9	14	14
tRNA-Pro-AGG-1-5	14,5	7,14,5	14,5	5	14,5	14,5	9,5	14,5	14
tRNA-Ile-AAT-1-8	5	7,5	5	7,5	14,5	5	14,15,5	5	14,5
tRNA-Ala-CGC-1-2	9,5	14,5	9,5	2,5	14	14,5	14	14,5	14
tRNA-Val-CAC-2-5	7	6,5	7,5	7,5	7,5	7	7,5	7,5	7,5
tRNA-Arg-ACG-1-1	6,5	14,5	5	7,2	7,14	6,14,9	14,5	7,14,5	14,5
tRNA-Thr-AGT-2-1	6,9	14,5	10,11	5	14,5	14,5	14,5	14,5	14,5
tRNA-Leu-CAG-1-5	6,15	7,14,5	12,7,5	7,14,5	7,14	6,9	7,14,5	14,5	14,15,6
tRNA-Glu-TTC-1-3	14,5	12,11	10,11	12,5	12	10,14,9	14,15	12,11	14,9
tRNA-Tyr-GTA-1-5	14	12,11	12	12	12	12	14	14,9	14
tRNA-Trp-CCA-4-1	10	11	12	10,14	12,11	14,15,9,5	14,5	5	14
tRNA-iMet-CAT-1-5	14	12	12	14	12	14	14	14	14
tRNA-Arg-ACG-1-2	14	12	12	14	12	14	14	14	14
tRNA-Ser-AGA-2-6	14	12	12	14	12	14	14	14,5	14
tRNA-Arg-TCG-3-2	14,9	12	12	14	12	14	14	14,9	14
tRNA-Trp-CCA-4-2	10,11	12	12,5	14	14,5	14,9	15	7,5	14,15
tRNA-Gly-GCC-2-8	7,5	5	5	5	14,5	9,5	7,14,15	9,5	14,5
tRNA-iMet-CAT-1-6	7,5	5	5	5	14,5	5	7,9	5	2,5
tRNA-Ser-TGA-2-2	5	5	5	5	14	5	14,9	5	2,14
tRNA-Gln-TTG-3-1	5	5	5	5	14	5	14	5	14
tRNA-Gln-TTG-3-2	9,5	14,5	14,5	7,5	14	14,5	14	5	14
tRNA-Ser-GCT-4-3	14	14,15	14	2,14,5	14	14,5	14	14	14
tRNA-Arg-TCG-4-1	7,5	9	14,5	7,5	14	5	15	14,5	14
tRNA-iMet-CAT-1-7	7	7,14,5	7,5	7,4	7,14	7	8,14,15	7,14	14
tRNA-Lys-CTT-16-1	14	12	13	12	12	14	13	12	14
tRNA-Ala-AGC-17-1	9	2	2	2,9	2	2	2	2	9
tRNA-Und-NNN-1-1						13			
tRNA-Leu-AAG-1-3	7,6	7	7	7	7	6	7	7	7,5
tRNA-Pro-AGG-1-6	6	7	7	7	7	7	7	5	7
tRNA-Thr-TGT-3-2	6	7	7,5	7	7	7,6,5	7	5	7
tRNA-Leu-TAG-2-1	10	5	11	7,5	12,7,5	10,11	9,5	12,5	14,6,9
tRNA-Thr-TGT-2-1	6	7,5	7,5	7	7,5	6,5	7,5	7,5	7,5
tRNA-Tyr-GTA-3-2	6	7	7	7	7,5	6,5	7	7,5	7,5
tRNA-Pro-TGG-2-3	6	7,5	7,5	7	7	6	7	7	7,5
tRNA-Arg-ACG-1-3	6,5	14,15	7,9	7,4	7,5	7,9,5	7,9	7,5	7,5
tRNA-Thr-AGT-7-1	14	13	12	14,15	12	14	14	12	14
tRNA-Glu-TTC-1-4	6	7	7,5	7	7,5	6	7,5	7	7,6
tRNA-Glu-TTC-2-2	6	7	7	7	7	7	7	7	7
tRNA-Phe-GAA-1-4	6	7	7,5	7	7	6	7	5	6
tRNA-Asn-GTT-4-1	13	13	13	13	13	13	13	12	13
tRNA-Met-CAT-1-2	6	7	7	7	7	6,4	7	7,5	7
tRNA-iMet-CAT-2-1	14	13	13	13	13	13	13	12	13
tRNA-Met-CAT-5-1	14	12	12	12	12	14	14	12	14
tRNA-Leu-TAA-5-1									
tRNA-Lys-TTT-4-1									
tRNA-Lys-TTT-4-2	13	13	13	13	13	13	13	13	13
tRNA-Leu-TAA-5-2	13	13	13	13	13	13	13	13	13
tRNA-Thr-CGT-1-1	6	7,5	5	7	5	6	7	5	7
tRNA-Lys-CTT-8-1	14	13	13	14	14	13	13	13,14	13,14
tRNA-Lys-CTT-14-1	13	13	13	13	13	13	13	12	13
tRNA-Ile-AAT-4-1	13	12	13	13	13	13	13	12	13
tRNA-Lys-CTT-3-5	12	14	14	14,9	14	12,11	14,9	14,5	12
tRNA-Lys-CTT-3-6	12	14	14	14,9	14	12	14,9	14,5	12
tRNA-Pro-GGG-1-1	10,11	11	11	10,9	14,11	10,11	10,14	14,5	10,11
tRNA-Pro-TGG-5-1	10,11	11	10,11	10,11	11	11	10,11	9,5	11
tRNA-Pro-CGG-1-3	10,11	11	11	12,11	12,11	11	12	5	11
tRNA-Pro-TGG-2-4	10,6	7,14	7,14	7,5	8,7	14,6,5	7,14	7,5	7,9
tRNA-Lys-CTT-3-7	6,9	7,5	7,5	7,5	7,14	6,5	7,14	7,14,5	7,14
tRNA-Arg-CCT-3-1	6,9,5	10,14	7,14	5	14,5	10,14	5	5	6,9
tRNA-Arg-CCG-2-1	6	7,5	7,5	7,5	7,14	10,6	7,5	7,5	6,9
tRNA-Gly-CCC-1-2	6	7,6	7	7	7	6	7	7	7
tRNA-Ala-AGC-14-1	9	14	14	14,9	12	9	14	9	14
tRNA-Glu-CTC-2-1	2	2	2	2	2	2	2	2	2
tRNA-Val-CAC-6-1	14	13	12	13		13	13	12	13
tRNA-Cys-GCA-1-2	6,14,9	7,12	12,5	7,13	7,8,13	6,9,5	6,14,9	7,12	6,14
tRNA-Ile-TAT-2-3	6	7	7	7	7	6	7	7	7
tRNA-Gly-ACC-2-1	14	12	12	12	12	14	14	12	14
tRNA-Thr-AGT-8-1	14	14	12	14	12	14	14	14	14
tRNA-Lys-TTT-4-3									
tRNA-Leu-TAA-5-3									
tRNA-Ala-AGC-7-1	6	7,5	7,14	7,4	7,9	7	7,15,9	7,5	7,9
tRNA-Ser-GCT-3-1	6	12,5	10,11	5	5	5	9,5	5	9,5
tRNA-Phe-GAA-1-5	14,5	14	12	14,5	14	10,14	14,9	14,5	8,14
tRNA-Lys-TTT-1-5	6	7,5	7,5	7	7,6	6,5	7	5	5
tRNA-Phe-GAA-2-1	14	14	14	14	14	10,14,9	14	5	14
tRNA-Lys-TTT-1-6	8,9	14,15	14	9,5	14	9	8,9	5	14,9
tRNA-Leu-TAA-1-1	6	7,5	5	7	7,5	6,5	7	7,5	7,5
tRNA-Arg-TCT-4-1	6	7	5	7	7,5	6	7	5	7,5
tRNA-Val-TAC-1-1	6	7,5	5	7	7,5	6,15	7,5	5	7,5
tRNA-Val-TAC-1-2	6	7,5	5	7,5	7,5	6,15	7,5	5	7,15,5
tRNA-Lys-CTT-15-1	2,1	2,1	2,1	2,9	2,1	1	2,1	2	2,1
tRNA-Asn-GTT-3-2	7,14,5	7,14,15	10,11	7,14	7,14	14,15,6	10,11	14,5	14
tRNA-Tyr-GTA-6-1	15	14,15	10,15	14,15	15	10,14	14	15	10,14
tRNA-Ala-CGC-2-1	6	7,5	7,5	7,5	7,5	6,5	7	7,5	7
tRNA-Gly-GCC-2-2	6,9	12,5	5	12,5	13,5	14,5	7,14,5	12,5	7,14,5
tRNA-Lys-CTT-13-1	13	13	13	13	13	13	13	12	13
tRNA-Gln-CTG-6-1	14	13	12	14,9	13	14,9	14	12	14
tRNA-Asp-GTC-3-1	1	1	1	1	1	4	1	1	1
tRNA-Ser-GCT-2-1	6,5	7,14,15	7,5	7,14	7,14	4,5	7,14,15	2,7,5	7,14,5
tRNA-Ile-GAT-1-1	14	13	14	13	13	2	14	14	2
tRNA-His-GTG-2-1	6	7,5	7,5	7,5	7,5	6,5	7,5	7,14,5	6,15,9
tRNA-His-GTG-2-2	7,6	7,14,15	5	7,5	7,5	7,5	7,5	7,14,5	7,14,15
tRNA-His-GTG-2-3	6	7	7,5	7,5	7,14	7,5	7,9	7,5	7,9
tRNA-Lys-CTT-12-1	13	13	13	13	13	14	13	13	13,14,15
tRNA-Lys-CTT-4-1	13	13	13	13	13	13	13	13	13
tRNA-Lys-CTT-10-1	13	13	13	13	13	13	13	13	13
tRNA-Arg-ACG-2-1	6,9	12,7	7,14	7,14	7,13,5	4	7,14	12,7,5	8,7,14
tRNA-Tyr-GTA-4-1	6	7	7	7	7	7,4	7	7	7
tRNA-Tyr-GTA-3-1	6	7	7	7	7	7,4	7	7,5	7
tRNA-Ala-AGC-4-1	6	7	7	7	7	7	7,6	7,5	7
tRNA-Leu-CAG-4-1	13	13	14	13	13	13	13	12	13
tRNA-Val-AAC-1-1	6,5	7	7	7	5	5	6,9	7,5	14,5
tRNA-Pro-TGG-2-1	10	11,9	5	5	14	9,5	5	5	5
tRNA-Pro-AGG-1-2	10	10,11	7,12,5	10,14	10,11	10,9	6,14,5	7,5	6,9
tRNA-Val-CAC-7-1	13	13	13	13	13	13	13	12	13
tRNA-Pro-AGG-3-1	13	13	13	13	13	13	13	12	13
tRNA-Gly-GCC-2-3	7,5	8,6,9	12,5	7,4	7,8,9	5	9,5	5	14,9
tRNA-iMet-CAT-1-1	6,15	7,14,5	7,14	7,5	7,14,15	7,5	14,15,6	7,5	7,14,15
tRNA-Gly-CCC-5-1	14	12	12	12	12	14	12	14	14
tRNA-Asn-GTT-2-1	11	11	11	11	12	9	11	14,5	14,11
tRNA-Val-CAC-2-2	11	11	11	11	11	10	10,11	5	10,11
tRNA-Asn-GTT-1-1	11	11	10,11	10,11	12,11	11	10,11	5	10,11
tRNA-Asn-GTT-5-1	11	11	10,11	11	12,11	11	11	14,5	11
tRNA-Gln-CTG-3-1	11	12	11	12,11	12	12	11	14,5	12
tRNA-Glu-TTC-3-1	12	13	13	13	12	13	12	13	12
tRNA-Gly-CCC-2-1	12	13	13	13	12	13	12	13	12
tRNA-Gly-CCC-2-2	13	13	13	13	13	13	13	13	13
tRNA-Glu-TTC-3-2	13	13	13	13	13	13	13	13	13
tRNA-Gln-TTG-6-1	12	12	13	12	12	13	11	14	12
tRNA-Gln-CTG-3-2	11	11	12,11	12	11	9,1	11	2,5	11
tRNA-Asn-GTT-3-3	10,11	11	10,11	11	11	6,4	10,11	7,9	10,11
tRNA-His-GTG-2-4	10	10,11	11	11	10,11	6,9	10,11	7,6,14	10,11
tRNA-Gly-CCC-3-1	12	12	11	12	12	14	11	14,9	14
tRNA-Lys-CTT-3-1	12,11	12	14	12	12	14	11	12,5	14
tRNA-His-GTG-3-1	10	11	11	11	11	10,5	11	5	11
tRNA-Asn-GTT-3-4	12	12	12	12	12	14	12	13	12
tRNA-His-GTG-2-5	12	12	12	12	12	14	12	13	12
tRNA-His-GTG-2-6	12	12	12	12	12	14	12	13	14
tRNA-Asn-GTT-3-5	12	12	12	12	12	14	12	13	14
tRNA-His-GTG-1-1	12,11	12	12	12	12	10,14	12,11	13,5	14,15
tRNA-Gln-CTG-3-3	14	12	12	12	12	14	11	12	14
tRNA-Asn-GTT-3-6	10,14	6,15,14	14,15	7,6,5	7,14	14,5	14,5	14,5	6,15,14
tRNA-Lys-CTT-3-2	6,9	7,14,5	7,5	7,9	7,14,5	6,9	7,14	7,9	7,9
tRNA-His-GTG-2-7	6	7	7	7	7	6	7	7,5	7
tRNA-Gly-TCC-1-6	7,6,5	7,5	7,5	7,5	7,5	7,6,5	7,5	5	7,5
tRNA-Glu-CTC-1-5	7,5	7,5	7,5	7,5	7,5	7,5	7,5	7,5	7,5
tRNA-Glu-CTC-1-6	6	7,9	13,5	7,5	7,5	5	7,9,5	7,5	7,14
tRNA-Gln-CTG-4-1	10	6,5	7	6,4	6	6	7,6,5	5	7,6
tRNA-Arg-TCT-2-1	6	7	8,7	7	7,6	4	6	7	6,5
tRNA-Ser-AGA-2-1	7,6	7,5	7,5	7	7,5	7,5	7,5	7,5	7,5
tRNA-Ile-AAT-2-1	13	13	13	13	13	13	13	12	13
tRNA-Gly-CCC-4-1	14	12	8	12	12	14	14	12	14
tRNA-His-GTG-2-8	9	12	12	15	14	14,15	14,15	12,11,5	14
tRNA-Ala-CGC-5-1	14	14	12	12	12	14	14	12	14
tRNA-Ala-AGC-8-1	8,6,14	8	8	6,9	8,14	6,9	8	8	8
tRNA-Gly-GCC-5-1	14	14	14	2	14	14	14	8,9	9
tRNA-Val-AAC-6-1	1	1	1	9	1	4	1	1	1
tRNA-Tyr-GTA-2-1	6	7	7	7	7,5	4	7,5	7,5	7,5
tRNA-Ala-AGC-4-2	6	7	7	7	7,5	4	7,5	7,5	7,5
tRNA-Ala-GGC-1-1	14	12	12	12	12	14	14	12	14
tRNA-Lys-CTT-19-1	13	2,13	12	13	2,1	13	13	12	13
tRNA-Lys-CTT-5-1	14	13	13	13	13	13	13	12	13
tRNA-Asp-GTC-4-1	14	12	12	12	12	14	14	12	13
tRNA-Met-CAT-6-1	13	13	13	13	13	13	13	13	13
tRNA-Met-CAT-7-1	13	2,13	13	13	13	13	13	13	13
tRNA-Ala-GGC-4-1	14,9	12	12	12	12	5	14,15	14	14
tRNA-Ala-TGC-2-1	5	6,5	13,5	7,5	7,5	6,9	5	5	15
tRNA-Asp-GTC-1-6	7,6	7	7	7	7,5	7,6,5	7,5	7,5	6,9
tRNA-Phe-GAA-1-1	7,6	7,6	7	7	7,5	7,6,5	7,5	7,5	8,7,9
tRNA-Asp-GTC-1-7	14,5	8,14,9	14,5	7,14,5	14,5	10,9,5	14,5	5	14
tRNA-Ala-TGC-4-1	5	8,14	14,5	14,5	14,5	10	9,5	7,5	14
tRNA-Ala-AGC-13-1	14	14	12	14	14	14	14	14	14
tRNA-Ala-GGC-2-1	14,15	14,15	12	14,15	14,15	1	15	9	14,15
tRNA-Ser-AGA-4-1	14	12	12	12	13	14	14	14	14
tRNA-Asn-GTT-3-7	6,9	7,13	7,14,5	7,5	12,7,9,5	6,9	6,15	7,14,5	7,6,9
tRNA-Val-CAC-4-1	13	13	13	13	13	13	13	13	13
tRNA-Pro-AGG-1-3	9	12	11	11	10,11	14,9	12,9	14,5	11
tRNA-Arg-CCT-4-1	6	7	7,8,5	7	7,5	7	7	7,5	7,5
tRNA-Cys-GCA-3-1	14,15	14,15	13	14,15	14	14	14,15	14,15	14
tRNA-Cys-GCA-4-1	13	12	13	13	13	5	14	12	13
tRNA-Cys-GCA-16-1	13	13	13	13	13	13	13	13	13
tRNA-Cys-GCA-20-1	13	13	13	13	13	13	13	13	13
tRNA-Cys-GCA-14-1	13	13	13	13	13	13	13	13	13
tRNA-Cys-GCA-4-2	13	13	13	13	13	13	13	13	13
tRNA-Cys-GCA-4-3	13	13	13	13	13	13	13	13	13
tRNA-Cys-GCA-4-4	13	13	13	13	13	13	13	13	13
tRNA-Cys-GCA-4-5	13	13	13	13	13	13	13	13	13
tRNA-Cys-GCA-27-1	13	13	13	13	13	13	13	13	13
tRNA-Cys-GCA-4-6	13	13	13	13	13	13	13	13	13
tRNA-Cys-GCA-19-1	14	12	12	12	12	14	13	12	13
tRNA-Cys-GCA-4-7	14	12	12	12	12	14	14	12	14
tRNA-Cys-GCA-25-1	14	12	12	12	12	5	14	12	14
tRNA-Cys-GCA-4-8	14	12	12	12	12	14	14	12	14
tRNA-Cys-GCA-7-1	14	12	12	12	12	14	14	12	14
tRNA-Cys-ACA-1-1	14	12	12	12	12	14	9	12	14
tRNA-Cys-GCA-4-9	13	12	12	13	13	13	14,9	12	13
tRNA-Cys-GCA-8-1	13	12	12	13	13	13	14	12	13
tRNA-Cys-GCA-4-10	13	12	12	13	13	13	14	13	13
tRNA-Cys-GCA-4-11	13	13	12	13	13	13	14	13	13
tRNA-Cys-GCA-12-1	13	13	12,13	13	13	13	14	13	13
tRNA-Cys-GCA-4-12	13	13	13	13	13	13	12	13	13
tRNA-Cys-GCA-4-13	13	13	13	13	13	13	13	13	13
tRNA-Cys-GCA-4-14	13	13	13	13	13	13	13	13	13
tRNA-Cys-GCA-4-15	13	13	13	13	13	13	13	13	13
tRNA-Cys-GCA-22-1	13	13	13	13	13	13	13	13	13
tRNA-Cys-GCA-4-16	13	13	13	13	13	13	13	13	13
tRNA-Cys-GCA-11-1	13	13	13	13	13	13	13	13	13
tRNA-Cys-GCA-6-1	13	13	13	13	13	13	13	13	13
tRNA-Cys-GCA-4-17	13	13	13	13	13	13	13	13	13
tRNA-Cys-GCA-4-18	13	13	13	13	13	13	13	13	13
tRNA-Cys-GCA-21-1	13	13	13	13	13	13	13	13	13
tRNA-Cys-GCA-9-1	13	13	13	13	13	13	13	13	13
tRNA-Cys-GCA-18-1	13	13	13	13	13	13	13	13	13
tRNA-Cys-GCA-15-1	13	13	13	13	13	13	13	13	13
tRNA-Cys-GCA-4-19	13	13	13	13	13	13	13	13	13
tRNA-Cys-GCA-17-1	13	13	13	13	13	13	13	13	13
tRNA-Cys-GCA-4-20	13	13	13	13	13	13	13	13	13
tRNA-Cys-GCA-23-1	13	13	13	13	13	13	13	13	13
tRNA-Cys-GCA-4-21	13	13	13	13	13	13	13	13	13
tRNA-Cys-GCA-4-22	13	13	13	13	13	13	13	13	13
tRNA-Cys-GCA-4-23	13	13	13	13	13	13	13	13	13
tRNA-Cys-GCA-4-24	13	13	13	13	13	13	13	13	13
tRNA-Cys-GCA-10-1	13	13	13	13	13	13	13	13	13
tRNA-Cys-GCA-24-1	13	13	13	13	13	13	13	13	13
tRNA-Cys-GCA-4-25	13	13	13	13	13	13	13	13	13
tRNA-Cys-GCA-26-1	13	13	13	13	13	13	13	13	13
tRNA-Cys-GCA-4-26	13	13	13	13	13	13	13	13	13
tRNA-Cys-GCA-4-27	13	13	13	13	13	13	13	13	13
tRNA-Cys-GCA-13-1	13	13	13	13	13	13	13	13	13
tRNA-Cys-GCA-4-28	13	12,13	12	12	13	2	13	12,13	14
tRNA-Cys-GCA-28-1	13,14	12	12	12	13	2	13	12	14
tRNA-Gly-CCC-1-1	7,5	7,5	7,5	7,5	7,14	7,14,5	7,14,5	7,5	8,7,14
tRNA-Gln-CTG-7-1	13	13	13	13	13	13	13	13	13
tRNA-Lys-TTT-5-1	12,14	12	13	12	12	14	14	12	14
tRNA-Ser-AGA-5-1	11	12	12	12	12	14	14	12	12,11
tRNA-Val-CAC-8-1	13	13	13	13	13	13	13	12	13
tRNA-SeC-TCA-1-1	10	10,9,5	14,5	7,4	14,5	9,5	15	5	14,15
tRNA-Gly-GCC-6-1	13	13	13	13	13	13	13	12	13
tRNA-Ile-TAT-1-1	6	7	7,8	7	7	7	7	7	7
tRNA-Lys-TTT-2-1	14	14	14	14,15	14	14	14	14	9
tRNA-Thr-AGT-1-1	6	7,6	7	7	7	7,6	7	7	7
tRNA-Glu-TTC-1-1	6	7	7,5	7,4	7,5	7,5	7	7,5	7,14,15
tRNA-Ala-AGC-12-1	14	12	14	14	12	14,5	14,15	12	8,14
tRNA-Arg-TCG-1-1	6	7,6	7,10	7	7	7	7	5	7,5
tRNA-Pro-TGG-1-1	6	7	7	7	7	6,5	7	7	7
tRNA-Pro-AGG-1-4	6	7	7	7	7	6,5	7	7	7,5
tRNA-Glu-CTC-5-1	9	2	2	2	14	14	2	14	14
tRNA-Leu-TAG-3-1	7,6	7	7	7	7	6,5	7	12,5	7
tRNA-Leu-AAG-2-1	6,5	7,5	7,5	7,5	7,5	7,5	7,14	7,14	7,14,15
tRNA-Lys-CTT-17-1	14	12	14	13	12	14	14	14	14
tRNA-Glu-CTC-6-1	14	14	14	14	14	14	14	2	14
tRNA-Leu-CAG-3-1	13	13	13	13	13	13	13	12	13
tRNA-Ile-AAT-5-1	14	12	13	14	12	14	14	12	13
tRNA-Lys-TTT-6-1	14	12	12	12	12	14	13	12	13
tRNA-Leu-CAG-2-2	7,5	6,15	5	7,5	5	6,5	7,15	5	7,6,15
tRNA-Leu-CAG-2-3	5	15	5	7,5	5	5	15	5	15
tRNA-Gly-GCC-2-4	2	14	2	8,9	14	8,9	6,15	1	2,14
tRNA-Gly-GCC-2-5	2	2,14	2	8,2	2,14	8,2	2,6,9	1	2
tRNA-Gly-GCC-4-1	6,9	12,10,5	12,5	10,11	12,10,11	6,9	6,14,5	7,9,5	7,9
tRNA-Met-CAT-1-1	6,9	7,8	8,12,6	7,9,4	7,8,5	6,9	7,6,9	7,5	7,8,9
tRNA-Lys-CTT-6-1	14	13	12	12	12	14	13	12	14
tRNA-Ala-AGC-15-1	14	12	12	13	12	14	14	12	13
tRNA-Gln-CTG-2-1	7,14,5	7,13,15	7,14	7,9	7,13	7,9,5	7,14,15	7,12	7,14
tRNA-Arg-TCT-6-1	14	13	14	12	13	14	13	12	13
tRNA-Lys-CTT-2-1	15,5	15,5	12,5	7	7,5	6,5	10	14,5	14,6,9
tRNA-Cys-GCA-4-29	14	12	12	12	12	14	14	14	14
tRNA-Cys-GCA-1-1	14	12	12	12	12	14	14	14	14
tRNA-Glu-TTC-1-2	10,11	8,9	11	11	11	6,5	5	5	11
tRNA-Arg-ACG-3-1	7,6	7	7	7,4	7	7,6	7	7	7
tRNA-Gln-TTG-4-1	14	13	13	13	13	13	14	12	13
tRNA-Pro-TGG-4-1	13	13	13	13	13	13	13	13	13
tRNA-Ala-AGC-19-1	13	13	12	13	2	13	13	13	13
tRNA-Gly-TCC-2-1	13	13	13	13	13		13	13	13
tRNA-Ala-AGC-18-1	2	13	2	13	2,1	13	2	2	2
tRNA-Lys-CTT-11-1	13	13	13	13	13	13	13	13	13
tRNA-Arg-CCT-2-2		13					13	13,5	
tRNA-iMet-CAT-4-1		13	13	13	13	13	13	13	13
tRNA-Lys-CTT-1-1	14	13	13	13	13	14,9,5	13	13	13
tRNA-Ala-TGC-8-1	13	13	13	13	13	13	13	13	13
tRNA-Ala-CGC-4-1	13	13	13	13	13	13	13	13	13
tRNA-Ala-CGC-3-1	13	13	13	13	13	13	13	13	13
tRNA-Ala-TGC-5-1	13	13	13	13	13	13	13	13	13
tRNA-Ala-CGC-3-2	13	13	13	13	13	13	13	13	13
tRNA-Ala-TGC-5-2	13	13	13	13	13	13	13	13	13
tRNA-Ala-CGC-3-3	13	13	13	13	13	13	13	13	13
tRNA-Ala-TGC-7-1	13	13	13	13	13	13	13	13	13
tRNA-Ala-TGC-7-2	13	13	13	13	13	13	13	13	13
tRNA-Ala-CGC-6-1	13	13	13	13	13	13	13	13	13
tRNA-Ala-TGC-5-3	13	13	13	13	13	13	13	13	13
tRNA-Ala-CGC-7-1	13	13	13	13	13	13	13	13	13
tRNA-Ala-TGC-6-1	13,6	13	13	13	13	7,13	13	13	13
tRNA-Val-TAC-1-3	5	7	5	5	13,5	7	7,5	5	5
tRNA-Leu-TAA-4-1	13	13	13	13	13	13	13	13	13
tRNA-Ser-AGA-3-1	13	13	13	13	13	13	13	12	13
